      Fecha        Ciudad  ...  Velocidad del Viento  Humedad Relativa
0  1/1/2023  Buenos Aires  ...                  22.7              68.8
1  1/1/2023       Cordoba  ...                  33.8              61.7
2  1/1/2023       Rosario  ...                  10.6              80.0
3  1/1/2023       Mendoza  ...                  23.8              76.8
4  1/1/2023       Tucuman  ...                  25.7              54.9

[5 rows x 7 columns]
       Fecha        Ciudad  ...  Velocidad del Viento  Humedad Relativa
0 2023-01-01  Buenos Aires  ...                  22.7              68.8
1 2023-01-01       Cordoba  ...                  33.8              61.7
2 2023-01-01       Rosario  ...                  10.6              80.0
3 2023-01-01       Mendoza  ...                  23.8              76.8
4 2023-01-01       Tucuman  ...                  25.7              54.9

[5 rows x 7 columns]
['Buenos Aires']
['Buenos Aires', 'Cordoba']
['Buenos Aires', 'Cordoba', 'Rosario']
['Buenos Aires', 'Cordoba', 'Rosario', 'Mendoza']
['Buenos Aires', 'Cordoba', 'Rosario', 'Mendoza', 'Tucuman']

Ciudades disponibles:  ['Buenos Aires', 'Cordoba', 'Rosario', 'Mendoza', 'Tucuman']
Elija la ciudad de la lista: Elija un mes (por ej. Enero = 1): 